-3.141592653589793 0 0. 2.0
-2.8797932657906435 0 0. 2.0
-2.617993877991494 0 0. 2.0
-2.3561944901923444 0 0. 2.0
-2.094395102393195 0 0. 2.0
-1.8325957145940452 0 0. 2.0
-1.5707963267948957 0 0. 2.0
-1.308996938995746 0 0. 2.0
-1.0471975511965965 0 0. 2.0
-0.785398163397447 0 0. 2.0
-0.5235987755982974 0 0. 2.0
-0.2617993877991478 0 0. 2.0
1.7763568394002505e-15 0 0. 2.0
0.26179938779915135 0 0. 2.0
0.5235987755983009 0 0. 2.0
0.7853981633974505 0 0. 2.0
1.0471975511966 0 0. 2.0
1.3089969389957492 0 0. 2.0
1.5707963267948992 0 0. 2.0
1.8325957145940492 0 0. 2.0
2.0943951023931984 0 0. 2.0
2.3561944901923475 0 0. 2.0
2.6179938779914975 0 0. 2.0
2.8797932657906475 0 0. 2.0
-3.141592653589793 0.2617993877991494 0. 2.070552360820166
-2.8797932657906435 0.2617993877991494 0. 2.070552360820166
-2.617993877991494 0.2617993877991494 0. 2.070552360820166
-2.3561944901923444 0.2617993877991494 0. 2.070552360820166
-2.094395102393195 0.2617993877991494 0. 2.070552360820166
-1.8325957145940452 0.2617993877991494 0. 2.070552360820166
-1.5707963267948957 0.2617993877991494 0. 2.070552360820166
-1.308996938995746 0.2617993877991494 0. 2.070552360820166
-1.0471975511965965 0.2617993877991494 0. 2.070552360820166
-0.785398163397447 0.2617993877991494 0. 2.070552360820166
-0.5235987755982974 0.2617993877991494 0. 2.070552360820166
-0.2617993877991478 0.2617993877991494 0. 2.070552360820166
1.7763568394002505e-15 0.2617993877991494 0. 2.070552360820166
0.26179938779915135 0.2617993877991494 0. 2.070552360820166
0.5235987755983009 0.2617993877991494 0. 2.070552360820166
0.7853981633974505 0.2617993877991494 0. 2.070552360820166
1.0471975511966 0.2617993877991494 0. 2.070552360820166
1.3089969389957492 0.2617993877991494 0. 2.070552360820166
1.5707963267948992 0.2617993877991494 0. 2.070552360820166
1.8325957145940492 0.2617993877991494 0. 2.070552360820166
2.0943951023931984 0.2617993877991494 0. 2.070552360820166
2.3561944901923475 0.2617993877991494 0. 2.070552360820166
2.6179938779914975 0.2617993877991494 0. 2.070552360820166
2.8797932657906475 0.2617993877991494 0. 2.070552360820166
-3.141592653589793 0.5235987755982988 0. 2.309401076758503
-2.8797932657906435 0.5235987755982988 0. 2.309401076758503
-2.617993877991494 0.5235987755982988 0. 2.309401076758503
-2.3561944901923444 0.5235987755982988 0. 2.309401076758503
-2.094395102393195 0.5235987755982988 0. 2.309401076758503
-1.8325957145940452 0.5235987755982988 0. 2.309401076758503
-1.5707963267948957 0.5235987755982988 0. 2.309401076758503
-1.308996938995746 0.5235987755982988 0. 2.309401076758503
-1.0471975511965965 0.5235987755982988 0. 2.309401076758503
-0.785398163397447 0.5235987755982988 0. 2.309401076758503
-0.5235987755982974 0.5235987755982988 0. 2.309401076758503
-0.2617993877991478 0.5235987755982988 0. 2.309401076758503
1.7763568394002505e-15 0.5235987755982988 0. 2.309401076758503
0.26179938779915135 0.5235987755982988 0. 2.309401076758503
0.5235987755983009 0.5235987755982988 0. 2.309401076758503
0.7853981633974505 0.5235987755982988 0. 2.309401076758503
1.0471975511966 0.5235987755982988 0. 2.309401076758503
1.3089969389957492 0.5235987755982988 0. 2.309401076758503
1.5707963267948992 0.5235987755982988 0. 2.309401076758503
1.8325957145940492 0.5235987755982988 0. 2.309401076758503
2.0943951023931984 0.5235987755982988 0. 2.309401076758503
2.3561944901923475 0.5235987755982988 0. 2.309401076758503
2.6179938779914975 0.5235987755982988 0. 2.309401076758503
2.8797932657906475 0.5235987755982988 0. 2.309401076758503
-3.141592653589793 0.7853981633974483 0. 2.82842712474619
-2.8797932657906435 0.7853981633974483 0. 2.82842712474619
-2.617993877991494 0.7853981633974483 0. 2.82842712474619
-2.3561944901923444 0.7853981633974483 0. 2.82842712474619
-2.094395102393195 0.7853981633974483 0. 2.82842712474619
-1.8325957145940452 0.7853981633974483 0. 2.82842712474619
-1.5707963267948957 0.7853981633974483 0. 2.82842712474619
-1.308996938995746 0.7853981633974483 0. 2.82842712474619
-1.0471975511965965 0.7853981633974483 0. 2.82842712474619
-0.785398163397447 0.7853981633974483 0. 2.82842712474619
-0.5235987755982974 0.7853981633974483 0. 2.82842712474619
-0.2617993877991478 0.7853981633974483 0. 2.82842712474619
1.7763568394002505e-15 0.7853981633974483 0. 2.82842712474619
0.26179938779915135 0.7853981633974483 0. 2.82842712474619
0.5235987755983009 0.7853981633974483 0. 2.82842712474619
0.7853981633974505 0.7853981633974483 0. 2.82842712474619
1.0471975511966 0.7853981633974483 0. 2.82842712474619
1.3089969389957492 0.7853981633974483 0. 2.82842712474619
1.5707963267948992 0.7853981633974483 0. 2.82842712474619
1.8325957145940492 0.7853981633974483 0. 2.82842712474619
2.0943951023931984 0.7853981633974483 0. 2.82842712474619
2.3561944901923475 0.7853981633974483 0. 2.82842712474619
2.6179938779914975 0.7853981633974483 0. 2.82842712474619
2.8797932657906475 0.7853981633974483 0. 2.82842712474619
